56
0
10 54 3749.71 30 3257.71 6 3238.93 13 2461.09 2 1984.07 27 1085.09 34 990.834 42 677.442 37 441.817 55 240.001 
1
10 56 4073.58 12 3961.05 28 3834.04 21 3716.61 43 3025.07 22 2908.5 3 2424.23 32 2330.76 48 2171.71 9 1631.49 
2
10 34 4538.07 42 4135.31 30 3904.42 54 3506.82 37 3105.55 55 2042.22 0 1941.32 6 1198.81 15 980.586 13 598.837 
3
10 9 3769.09 15 3682.44 12 3556.21 56 3478.18 55 2533.69 1 2463.99 21 1491.33 37 1390.79 42 1025.11 28 894.74 
5
10 24 3168.96 45 3095.26 35 2282.21 38 2075.35 31 1768.92 16 1291.14 17 1101.22 33 751.377 49 727.133 18 361.814 
6
10 13 3646.73 0 3179.31 54 2905.6 27 2166.16 30 2030.33 2 1208.56 34 565.336 25 453.484 42 387.358 23 308.692 
7
10 39 4649.1 14 4303.8 10 3989.92 52 3960.76 48 3396.42 20 2961.66 32 2450.06 43 2312.57 44 2059.6 22 1446 
8
10 25 4151.04 29 3864.57 40 2825.05 51 1863.22 23 1835.26 27 1441.33 47 1121.28 18 727.723 13 527.547 41 412.795 
9
10 15 4168.37 3 3773.87 55 3251.18 12 3042.21 56 2418.31 37 2100.6 1 1651.83 42 1602.12 34 990.122 21 907.547 
10
10 48 4352.93 43 4330.87 32 4313.96 7 4187.29 46 3971.3 22 3299.31 28 3157.03 52 2485.59 14 2184.82 21 2114.12 
11
10 26 3680.02 44 3620.52 36 3110.99 20 2593.08 52 1667.21 19 1654.18 14 1546.03 50 1149.5 46 778.459 7 749.884 
12
10 1 4055.67 56 3991.39 3 3594.63 9 3083.79 21 2703.64 15 2004.82 28 1774.96 22 1269.33 43 1211.77 55 1098.52 
13
10 6 3626.71 27 3281.45 0 2397.58 54 1703.26 30 1112.34 25 1045.17 23 704.364 2 605.699 8 508.045 41 370.496 
14
10 7 4232.98 20 3887.83 46 3776.28 44 3352.02 39 2996.42 52 2737.61 10 2047.65 48 1680.09 11 1536.46 32 1071.28 
15
10 55 4285.39 9 4207.7 3 3704.6 37 3511.19 42 2846.86 12 1991.21 34 1875.86 56 1461.01 2 937.028 1 926.985 
16
10 33 4094.09 38 3870.44 45 3446.63 53 2835.34 24 1926.06 50 1870.84 5 1349.13 19 1208.37 36 469.101 26 257.092 
17
10 49 4354.58 31 3702.51 18 3678.82 35 3538.25 47 3047.69 51 2052.83 40 1154.71 5 1057.24 29 615.81 24 587.041 
18
10 51 4278.73 49 4161.01 47 3830.44 17 3662.13 40 3005.75 31 2231.4 29 1841.28 35 1525.47 41 980.643 8 783.466 
19
10 50 3830.31 36 3400.44 53 3012.29 26 2532.41 33 2153.32 11 1604.3 16 1241.44 38 789.764 44 618.267 45 398.492 
20
10 14 3933.49 52 3874.86 44 3529.55 7 2957.6 46 2909.24 11 2600.44 39 1817.17 26 1810.96 10 1378.21 48 963.88 
21
10 43 4256.44 56 4204.83 28 3998.3 1 3705.78 22 3494.39 48 3388.96 32 3289.23 12 2668.12 10 2104.24 39 1647.21 
22
10 21 3683.92 10 3463.8 48 3458.22 32 3422.14 1 3032.06 43 2755.56 39 2577.93 56 2197.61 46 1622.69 7 1580.43 
23
10 41 3368.64 29 2726.52 25 1928.4 40 1861.71 8 1822.38 27 1798.92 51 1153.24 13 718.484 47 661.969 18 420.095 
24
10 45 3497.8 5 3226.86 38 2720.71 16 1887.05 35 1514.69 33 1179.85 31 1063.83 17 629.529 53 527.12 49 395.918 
25
10 8 4190.55 41 3904.64 29 2711.76 27 2522.05 23 1972.87 40 1764.22 13 1102.02 51 1086.67 47 581.754 6 465.364 
26
10 11 3601.74 36 3466.22 44 2798.91 19 2547.92 50 1888.76 20 1776.39 52 1051.51 14 987 53 848.5 33 514.481 
27
10 13 3409.04 25 2465.44 6 2223.41 23 1800.41 8 1420.48 0 1094.34 41 1073.95 54 659.357 29 602.424 30 392.216 
28
10 48 4544.65 43 4197.69 32 4194.39 21 4015.8 1 3853.2 10 3141.66 56 2961.13 39 2486.34 12 1763.23 46 1444.6 
29
10 40 4416.09 41 4013.98 8 3827.58 51 3647.95 23 2703.55 25 2673.45 47 2428.12 18 1675.16 49 952.847 27 613.017 
30
10 2 3901.68 54 3385.33 0 3177.65 34 2778.25 42 2164.01 6 2018.24 37 1538.97 13 1106.41 55 925.095 15 420.324 
31
10 17 3798.13 49 3667.56 35 3291.14 18 2307.57 47 1787.58 5 1756.71 51 1118.14 24 1029.73 40 590.681 45 510.478 
32
10 10 4438.34 28 4310.41 39 3803.25 43 3662.41 21 3390.83 22 3325.73 48 3234.16 46 2703.94 7 2627.89 1 2374.36 
33
10 16 4063.59 38 3624.61 53 3155.29 50 3051.86 45 2351.37 19 2106.31 24 1201.31 36 892.367 5 785.877 26 498.29 
34
10 37 4624.15 2 4442.37 42 4114.15 55 3432.4 30 2724.7 54 1947.51 15 1933.56 9 1030.02 0 951.244 3 611.217 
35
10 17 3655.32 31 3314.76 49 2745.46 5 2298.64 18 1600.5 24 1493.47 47 1169.76 45 793.027 51 682.923 38 458.42 
36
10 26 3435.7 19 3391.62 11 3012.53 50 2889.45 53 1496 44 1472.2 33 918.909 20 896.44 52 537.257 16 492.458 
37
10 55 4656.6 34 4472.04 15 3505.82 2 2942.37 42 2816.81 9 2123.99 30 1461.78 3 1396.19 54 950.941 12 595.397 
38
10 16 3816.25 33 3598.69 45 3375.07 24 2724.54 5 2117.82 53 1965.94 50 1204.43 19 753.39 35 469.941 31 291.673 
39
10 7 4682.19 48 4494.44 43 3623.16 46 3613.88 32 3579.49 14 3070.28 52 2886.83 28 2415.73 22 2374.72 20 1825.74 
40
10 29 4552.84 51 4469.83 47 3828.78 41 3454.44 8 2874.62 18 2834.06 23 1889.15 25 1792.15 49 1714.74 17 1066.21 
41
10 29 4075.52 25 3888.26 40 3410.23 23 3405.88 51 2293.75 47 1394.65 27 1094.94 18 908.599 49 479.184 8 415.805 
42
10 55 4750.68 34 4046.29 2 3960.79 15 2882.38 37 2858.31 30 2071.57 9 1639.6 54 1389.55 3 1035.49 0 636.115 
43
10 10 4235.17 21 4177.59 28 4101.79 48 4000.92 39 3653.9 32 3485.59 1 2959.13 22 2551.95 7 2354.99 46 2293.42 
44
10 52 3813.84 11 3604.71 20 3509.42 14 3375.78 26 2848.06 7 2047.89 46 2043.19 36 1511.74 39 1143.88 10 878.037 
45
10 24 3476.6 16 3365.56 38 3346.61 5 3139.57 33 2311.54 53 1103.06 35 809.365 50 622.906 31 532.113 19 377.702 
46
10 52 4072.01 14 3889.76 10 3850.41 39 3622.73 48 3358.79 20 2940.02 32 2591.09 43 2300.78 44 2078.29 22 1535.01 
47
10 51 4260.23 49 3982.23 40 3978.11 18 3761.08 17 2975.34 29 2609.97 31 1694.51 41 1474.51 8 1187 35 1094.24 
48
10 39 4435.02 28 4342.2 10 4139.49 43 3897.03 7 3384.9 46 3287 21 3258.39 22 3142.55 32 2991.68 1 2084.05 
49
10 17 4308.99 18 4124.38 47 4021.23 31 3538.98 51 3000.02 35 2627.91 40 1814.41 29 1047.66 5 688.328 41 521.723 
50
10 19 3806.91 53 3505.96 33 3109.46 36 2867.76 16 1913.08 26 1859.89 38 1253.2 11 1104.3 45 655.127 44 396.198 
51
10 40 4475.9 47 4103.21 18 4041.73 29 3779.25 49 2847.28 41 2342.64 17 1915.4 8 1914.23 23 1183.14 25 1119.43 
52
10 46 4092.69 7 4025.81 20 3938.77 44 3902.14 39 2930.97 14 2817.1 10 2429.98 48 1765.06 11 1700.21 32 1304.4 
53
10 50 3464.32 33 3177.43 19 2950.06 16 2854.75 38 2009.89 36 1459.14 45 1140.14 26 821.628 24 551.863 11 473.118 
54
10 0 3681.06 2 3513.12 30 3402.07 6 2909.76 34 1991.75 13 1708.28 42 1454.23 37 1001.24 27 637.977 55 583.032 
55
10 42 4739.5 37 4707.52 15 4322.8 34 3355.89 9 3314.39 3 2549.66 2 1961.5 12 1110.67 30 888.089 56 765.361 
56
10 21 4212.89 1 4106.26 12 3921.38 3 3463.69 28 2955 9 2409.69 43 2178.72 22 2127.62 32 1641.16 48 1477.53 
